#   index    LocalEnergy         LocalEnergy_sq      LocalPotential      Kinetic             LocalECP            NonLocalECP         ElecElec            IonIon              BlockWeight         BlockCPU            AcceptRatio         
         0   -1.7257212853e+01    2.9804762746e+02   -3.0657426288e+01    1.3400213435e+01   -5.6593702113e+01    1.8895626360e+00    1.7065949943e+01    6.9807632464e+00    2.6887000000e+04    2.7889882217e-01    9.9737787522e-01
         1   -1.7261004149e+01    2.9817729142e+02   -3.0677058909e+01    1.3416054759e+01   -5.6653503849e+01    1.9167327575e+00    1.7078948936e+01    6.9807632464e+00    2.6882000000e+04    2.7963081283e-01    9.9744259511e-01
         2   -1.7255043749e+01    2.9800833131e+02   -3.0788080183e+01    1.3533036434e+01   -5.6726288199e+01    1.8653349816e+00    1.7092109787e+01    6.9807632464e+00    2.6877000000e+04    3.9834987200e-01    9.9721429118e-01
         3   -1.7245987739e+01    2.9771086677e+02   -3.0693620964e+01    1.3447633225e+01   -5.6773977674e+01    2.0016531651e+00    1.7097940298e+01    6.9807632464e+00    2.6869000000e+04    2.8013057200e-01    9.9719495618e-01
         4   -1.7259442601e+01    2.9813369351e+02   -3.0677656462e+01    1.3418213861e+01   -5.6836076550e+01    2.0658625087e+00    1.7111794333e+01    6.9807632464e+00    2.6876000000e+04    2.7905494650e-01    9.9745575796e-01
         5   -1.7253717490e+01    2.9793482019e+02   -3.0728270060e+01    1.3474552570e+01   -5.6771998446e+01    1.9544556210e+00    1.7108509518e+01    6.9807632464e+00    2.6891000000e+04    2.7874138267e-01    9.9745752096e-01
         6   -1.7252388532e+01    2.9790128522e+02   -3.0704412638e+01    1.3452024106e+01   -5.6682165008e+01    1.9095034087e+00    1.7087485715e+01    6.9807632464e+00    2.6880000000e+04    2.7810774433e-01    9.9722331993e-01
         7   -1.7252192254e+01    2.9787116549e+02   -3.0652654155e+01    1.3400461901e+01   -5.6503864876e+01    1.8277386992e+00    1.7042708776e+01    6.9807632464e+00    2.6888000000e+04    2.7738482600e-01    9.9740559240e-01
         8   -1.7259938724e+01    2.9814224247e+02   -3.0594624179e+01    1.3334685455e+01   -5.6477097145e+01    1.8241885046e+00    1.7077521216e+01    6.9807632464e+00    2.6882000000e+04    2.7949285417e-01    9.9764781317e-01
         9   -1.7260205502e+01    2.9815936046e+02   -3.0669965715e+01    1.3409760213e+01   -5.6639614286e+01    1.9207169846e+00    1.7068168340e+01    6.9807632464e+00    2.6901000000e+04    2.8541442633e-01    9.9752739012e-01
        10   -1.7249881317e+01    2.9778371265e+02   -3.0830514141e+01    1.3580632823e+01   -5.6774785336e+01    1.9033670711e+00    1.7060140878e+01    6.9807632464e+00    2.6915000000e+04    2.8589155833e-01    9.9751957027e-01
        11   -1.7261263350e+01    2.9819937175e+02   -3.0905379107e+01    1.3644115757e+01   -5.6836577743e+01    1.8717421419e+00    1.7078693248e+01    6.9807632464e+00    2.6950000000e+04    2.8076719600e-01    9.9744398822e-01
        12   -1.7256445722e+01    2.9800104775e+02   -3.0926834143e+01    1.3670388421e+01   -5.6825300754e+01    1.8627443297e+00    1.7054959035e+01    6.9807632464e+00    2.6997000000e+04    2.8208584600e-01    9.9749010487e-01
        13   -1.7259460752e+01    2.9824926972e+02   -3.1045452100e+01    1.3785991348e+01   -5.6937015185e+01    1.8566687129e+00    1.7054131125e+01    6.9807632464e+00    2.6993000000e+04    2.8217427700e-01    9.9752676620e-01
        14   -1.7257171577e+01    2.9804773767e+02   -3.1025507093e+01    1.3768335515e+01   -5.6923000135e+01    1.8394787547e+00    1.7077251041e+01    6.9807632464e+00    2.7079000000e+04    2.8202296567e-01    9.9742348013e-01
        15   -1.7256830970e+01    2.9818464078e+02   -3.0973883139e+01    1.3717052169e+01   -5.7038872092e+01    2.0142497037e+00    1.7069976003e+01    6.9807632464e+00    2.7107000000e+04    2.7928031450e-01    9.9724654471e-01
        16   -1.7259513437e+01    2.9818986722e+02   -3.1047655543e+01    1.3788142106e+01   -5.7237716310e+01    2.0890018380e+00    1.7120295683e+01    6.9807632464e+00    2.7102000000e+04    2.7945935950e-01    9.9713159887e-01
        17   -1.7254101650e+01    2.9793524509e+02   -3.0897264174e+01    1.3643162524e+01   -5.7032714937e+01    2.0501560375e+00    1.7104531479e+01    6.9807632464e+00    2.7096000000e+04    2.8074963967e-01    9.9732867225e-01
        18   -1.7257962473e+01    2.9804220715e+02   -3.0901917285e+01    1.3643954812e+01   -5.6984474416e+01    2.0109132873e+00    1.7090880597e+01    6.9807632464e+00    2.7052000000e+04    2.8153038100e-01    9.9735328862e-01
        19   -1.7252904895e+01    2.9788087255e+02   -3.0884322627e+01    1.3631417731e+01   -5.6751231099e+01    1.8135281530e+00    1.7072617073e+01    6.9807632464e+00    2.7014000000e+04    2.8304671150e-01    9.9741783734e-01
        20   -1.7262867729e+01    2.9823629263e+02   -3.0793806162e+01    1.3530938433e+01   -5.6699340397e+01    1.8276805747e+00    1.7097090414e+01    6.9807632464e+00    2.6998000000e+04    2.8057024217e-01    9.9752316570e-01
        21   -1.7253118866e+01    2.9791301937e+02   -3.0847745951e+01    1.3594627084e+01   -5.6841444557e+01    1.9047775043e+00    1.7108157856e+01    6.9807632464e+00    2.6980000000e+04    2.8008283417e-01    9.9750330114e-01
        22   -1.7268743795e+01    2.9851676097e+02   -3.0978570857e+01    1.3709827062e+01   -5.6928048346e+01    1.8354313872e+00    1.7133282855e+01    6.9807632464e+00    2.6954000000e+04    2.8297568317e-01    9.9757006478e-01
        23   -1.7262828255e+01    2.9824272452e+02   -3.0918416937e+01    1.3655588682e+01   -5.6893279838e+01    1.8853963795e+00    1.7108703275e+01    6.9807632464e+00    2.6908000000e+04    2.8560425467e-01    9.9757547665e-01
        24   -1.7260891736e+01    2.9817170485e+02   -3.0962994515e+01    1.3702102779e+01   -5.6917861469e+01    1.9083197381e+00    1.7065783969e+01    6.9807632464e+00    2.6850000000e+04    2.8658427217e-01    9.9740275857e-01
        25   -1.7259903169e+01    2.9815462955e+02   -3.1074376421e+01    1.3814473251e+01   -5.6949877785e+01    1.8516123173e+00    1.7043125800e+01    6.9807632464e+00    2.6900000000e+04    2.8256637217e-01    9.9758738117e-01
        26   -1.7270003407e+01    2.9848276167e+02   -3.0990096134e+01    1.3720092727e+01   -5.6936272652e+01    1.8800000517e+00    1.7085413220e+01    6.9807632464e+00    2.6852000000e+04    2.8133865817e-01    9.9754834326e-01
        27   -1.7268240143e+01    2.9840853715e+02   -3.0870366095e+01    1.3602125952e+01   -5.6754832510e+01    1.8184535464e+00    1.7085249622e+01    6.9807632464e+00    2.6752000000e+04    2.8329404817e-01    9.9719167190e-01
        28   -1.7259748040e+01    2.9814813153e+02   -3.0896803094e+01    1.3637055054e+01   -5.6795976409e+01    1.8015831096e+00    1.7116826959e+01    6.9807632464e+00    2.6827000000e+04    2.8391845500e-01    9.9753424037e-01
        29   -1.7255674768e+01    2.9798850451e+02   -3.0881664266e+01    1.3625989498e+01   -5.6913632305e+01    1.9597776397e+00    1.7091427153e+01    6.9807632464e+00    2.6865000000e+04    2.8172537683e-01    9.9735685784e-01
        30   -1.7259947842e+01    2.9809678626e+02   -3.0860535251e+01    1.3600587409e+01   -5.6898277508e+01    1.9763288304e+00    1.7080650180e+01    6.9807632464e+00    2.6883000000e+04    2.7770703100e-01    9.9764689160e-01
        31   -1.7265069409e+01    2.9831203994e+02   -3.1036022282e+01    1.3770952873e+01   -5.6955914399e+01    1.8586328591e+00    1.7080496011e+01    6.9807632464e+00    2.6938000000e+04    2.8271647317e-01    9.9726670457e-01
        32   -1.7257699453e+01    2.9804917984e+02   -3.0999238756e+01    1.3741539303e+01   -5.6875350680e+01    1.8278735748e+00    1.7067475103e+01    6.9807632464e+00    2.6899000000e+04    2.7916224350e-01    9.9740753286e-01
        33   -1.7260779993e+01    2.9818391364e+02   -3.1064738957e+01    1.3803958964e+01   -5.7100408401e+01    1.9358974659e+00    1.7119008732e+01    6.9807632464e+00    2.6891000000e+04    2.7933525100e-01    9.9739611570e-01
        34   -1.7261814253e+01    2.9822628246e+02   -3.0961087916e+01    1.3699273663e+01   -5.7028449600e+01    1.9589334424e+00    1.7127664995e+01    6.9807632464e+00    2.6937000000e+04    2.8109716683e-01    9.9734048884e-01
        35   -1.7261776797e+01    2.9824033564e+02   -3.0922659911e+01    1.3660883115e+01   -5.7001213669e+01    1.9717920262e+00    1.7125998485e+01    6.9807632464e+00    2.7003000000e+04    2.8121061200e-01    9.9737042291e-01
        36   -1.7264343563e+01    2.9829531667e+02   -3.0726882997e+01    1.3462539434e+01   -5.6790736243e+01    1.9714381300e+00    1.7111651870e+01    6.9807632464e+00    2.6994000000e+04    2.7973455317e-01    9.9746767224e-01
        37   -1.7263917764e+01    2.9829845833e+02   -3.0821710284e+01    1.3557792520e+01   -5.6903970561e+01    1.9898148281e+00    1.7111682202e+01    6.9807632464e+00    2.6907000000e+04    2.7986047033e-01    9.9745952352e-01
        38   -1.7262731209e+01    2.9825034670e+02   -3.0840864356e+01    1.3578133146e+01   -5.6759921937e+01    1.8775908995e+00    1.7060703435e+01    6.9807632464e+00    2.6868000000e+04    2.7934969867e-01    9.9752011930e-01
        39   -1.7268420815e+01    2.9840334923e+02   -3.0749704407e+01    1.3481283592e+01   -5.6622856842e+01    1.8531593293e+00    1.7039229859e+01    6.9807632464e+00    2.6872000000e+04    2.8218852233e-01    9.9764648774e-01
        40   -1.7271764897e+01    2.9860748511e+02   -3.0829729898e+01    1.3557965000e+01   -5.6784178828e+01    1.9273252382e+00    1.7046360446e+01    6.9807632464e+00    2.6959000000e+04    2.7888670400e-01    9.9723068350e-01
        41   -1.7256897159e+01    2.9803384157e+02   -3.0911175626e+01    1.3654278468e+01   -5.6933696078e+01    1.9934646070e+00    1.7048292599e+01    6.9807632464e+00    2.6997000000e+04    2.8032274817e-01    9.9719894897e-01
        42   -1.7252899015e+01    2.9790141478e+02   -3.0844768132e+01    1.3591869117e+01   -5.6838867197e+01    1.9786128609e+00    1.7034722957e+01    6.9807632464e+00    2.7021000000e+04    2.8075741900e-01    9.9744522375e-01
        43   -1.7257421089e+01    2.9808311261e+02   -3.0988798045e+01    1.3731376956e+01   -5.6906078208e+01    1.9111540308e+00    1.7025362886e+01    6.9807632464e+00    2.7105000000e+04    2.8020713300e-01    9.9732943998e-01
        44   -1.7258720938e+01    2.9810072938e+02   -3.1014951232e+01    1.3756230294e+01   -5.6995026932e+01    1.9791683543e+00    1.7020144099e+01    6.9807632464e+00    2.7084000000e+04    2.8129471683e-01    9.9742979670e-01
        45   -1.7254919079e+01    2.9796160203e+02   -3.0968794106e+01    1.3713875027e+01   -5.6798722551e+01    1.8062324515e+00    1.7042932747e+01    6.9807632464e+00    2.7070000000e+04    2.8516800717e-01    9.9753422990e-01
        46   -1.7256193010e+01    2.9800153688e+02   -3.0875178138e+01    1.3618985128e+01   -5.6871364709e+01    1.9257707752e+00    1.7089652549e+01    6.9807632464e+00    2.7105000000e+04    2.8306551617e-01    9.9744011091e-01
        47   -1.7263120400e+01    2.9824290024e+02   -3.1030393451e+01    1.3767273050e+01   -5.7185617086e+01    2.0815996387e+00    1.7092860750e+01    6.9807632464e+00    2.7098000000e+04    2.8202014867e-01    9.9725543722e-01
        48   -1.7261556576e+01    2.9820333320e+02   -3.1129092153e+01    1.3867535576e+01   -5.7214565936e+01    2.0181396039e+00    1.7086570933e+01    6.9807632464e+00    2.7051000000e+04    2.8025936333e-01    9.9721000924e-01
        49   -1.7257003962e+01    2.9804901655e+02   -3.1148243212e+01    1.3891239250e+01   -5.7048991098e+01    1.8470468301e+00    1.7072937810e+01    6.9807632464e+00    2.6960000000e+04    2.8199555117e-01    9.9752033238e-01
        50   -1.7253570216e+01    2.9793344187e+02   -3.1122651373e+01    1.3869081157e+01   -5.6964522348e+01    1.7903426833e+00    1.7070765045e+01    6.9807632464e+00    2.6959000000e+04    2.8073888033e-01    9.9735636803e-01
        51   -1.7249145983e+01    2.9778467743e+02   -3.1149989618e+01    1.3900843635e+01   -5.6989045162e+01    1.7730113799e+00    1.7085280917e+01    6.9807632464e+00    2.6913000000e+04    2.7965112617e-01    9.9738621316e-01
        52   -1.7249881328e+01    2.9780767432e+02   -3.1131561796e+01    1.3881680468e+01   -5.7027067358e+01    1.8589209929e+00    1.7055821322e+01    6.9807632464e+00    2.6829000000e+04    2.7865302983e-01    9.9733976451e-01
        53   -1.7248392617e+01    2.9775093364e+02   -3.0900074940e+01    1.3651682323e+01   -5.6916409154e+01    1.9631991074e+00    1.7072371860e+01    6.9807632464e+00    2.6840000000e+04    2.8095863317e-01    9.9715961906e-01
        54   -1.7253494312e+01    2.9790539581e+02   -3.0914593501e+01    1.3661099188e+01   -5.6827708750e+01    1.8780753005e+00    1.7054276703e+01    6.9807632464e+00    2.6720000000e+04    2.7878942933e-01    9.9740514219e-01
        55   -1.7252318835e+01    2.9785503122e+02   -3.0821779873e+01    1.3569461038e+01   -5.6806785347e+01    1.9381905549e+00    1.7066051672e+01    6.9807632464e+00    2.6688000000e+04    2.7945314950e-01    9.9749858814e-01
        56   -1.7252677822e+01    2.9787737085e+02   -3.0912910992e+01    1.3660233170e+01   -5.6798191935e+01    1.8645497466e+00    1.7039967950e+01    6.9807632464e+00    2.6632000000e+04    2.7744596950e-01    9.9735328930e-01
        57   -1.7254541589e+01    2.9793407995e+02   -3.0888161692e+01    1.3633620103e+01   -5.6842973738e+01    1.9392447941e+00    1.7034804005e+01    6.9807632464e+00    2.6597000000e+04    2.8070942033e-01    9.9763167939e-01
        58   -1.7257751643e+01    2.9806590129e+02   -3.0867772312e+01    1.3610020670e+01   -5.6778152393e+01    1.9048975870e+00    1.7024719247e+01    6.9807632464e+00    2.6599000000e+04    2.7802616333e-01    9.9742901691e-01
        59   -1.7263873456e+01    2.9828195678e+02   -3.0748151137e+01    1.3484277681e+01   -5.6593923685e+01    1.8516163933e+00    1.7013392908e+01    6.9807632464e+00    2.6578000000e+04    2.7932377317e-01    9.9737566410e-01
        60   -1.7262761979e+01    2.9822234071e+02   -3.0884031846e+01    1.3621269867e+01   -5.6849406988e+01    1.9226210821e+00    1.7061990813e+01    6.9807632464e+00    2.6659000000e+04    2.7929960400e-01    9.9736408534e-01
        61   -1.7266167839e+01    2.9833621185e+02   -3.0970811531e+01    1.3704643692e+01   -5.6965629672e+01    1.9285862253e+00    1.7085468669e+01    6.9807632464e+00    2.6700000000e+04    2.8146348083e-01    9.9735903358e-01
        62   -1.7263562550e+01    2.9826556298e+02   -3.0883310620e+01    1.3619748070e+01   -5.6867862420e+01    1.9324705405e+00    1.7071318013e+01    6.9807632464e+00    2.6753000000e+04    2.7968220517e-01    9.9741156540e-01
        63   -1.7254548895e+01    2.9796555658e+02   -3.0934006680e+01    1.3679457785e+01   -5.6821803899e+01    1.8540432851e+00    1.7052990688e+01    6.9807632464e+00    2.6709000000e+04    2.7731862333e-01    9.9733224950e-01
        64   -1.7257287873e+01    2.9806939045e+02   -3.0798723616e+01    1.3541435744e+01   -5.6749065406e+01    1.9257179932e+00    1.7043860550e+01    6.9807632464e+00    2.6746000000e+04    2.7785810067e-01    9.9732692811e-01
        65   -1.7262493334e+01    2.9823609253e+02   -3.0715592295e+01    1.3453098961e+01   -5.6609270940e+01    1.8735451146e+00    1.7039370284e+01    6.9807632464e+00    2.6698000000e+04    2.7821329767e-01    9.9729381228e-01
        66   -1.7249699031e+01    2.9781047622e+02   -3.0736487127e+01    1.3486788096e+01   -5.6649934091e+01    1.8702496189e+00    1.7062434099e+01    6.9807632464e+00    2.6666000000e+04    2.7896906633e-01    9.9738481457e-01
        67   -1.7252008096e+01    2.9785434295e+02   -3.0749565902e+01    1.3497557806e+01   -5.6663327803e+01    1.8819921610e+00    1.7051006494e+01    6.9807632464e+00    2.6650000000e+04    2.7742654550e-01    9.9712032777e-01
        68   -1.7265995508e+01    2.9836400536e+02   -3.0864527858e+01    1.3598532350e+01   -5.6853695341e+01    1.9796574351e+00    1.7028746801e+01    6.9807632464e+00    2.6665000000e+04    2.7463898933e-01    9.9733726448e-01
        69   -1.7263252105e+01    2.9825422070e+02   -3.0759664309e+01    1.3496412204e+01   -5.6793878922e+01    2.0310617680e+00    1.7022389598e+01    6.9807632464e+00    2.6642000000e+04    2.7818212017e-01    9.9749891105e-01
        70   -1.7255295149e+01    2.9797965822e+02   -3.0803148420e+01    1.3547853271e+01   -5.6783507658e+01    1.9655196047e+00    1.7034076387e+01    6.9807632464e+00    2.6691000000e+04    2.7515602100e-01    9.9749001151e-01
        71   -1.7256795999e+01    2.9804736054e+02   -3.0809862418e+01    1.3553066419e+01   -5.6893193483e+01    2.0477954938e+00    1.7054772324e+01    6.9807632464e+00    2.6633000000e+04    2.7482883050e-01    9.9744672189e-01
        72   -1.7265259194e+01    2.9833237292e+02   -3.0840559918e+01    1.3575300724e+01   -5.6790774529e+01    1.9383911954e+00    1.7031060170e+01    6.9807632464e+00    2.6613000000e+04    2.7716045633e-01    9.9725299472e-01
        73   -1.7272249822e+01    2.9854591495e+02   -3.1000356861e+01    1.3728107039e+01   -5.6992541998e+01    1.9889650008e+00    1.7022456889e+01    6.9807632464e+00    2.6584000000e+04    2.7559280150e-01    9.9757816353e-01
        74   -1.7272565698e+01    2.9858566667e+02   -3.0947624093e+01    1.3675058395e+01   -5.6946650726e+01    2.0141249000e+00    1.7004138487e+01    6.9807632464e+00    2.6619000000e+04    2.7614624717e-01    9.9730402476e-01
        75   -1.7273951373e+01    2.9860776065e+02   -3.0951494348e+01    1.3677542975e+01   -5.6907773685e+01    1.9893145576e+00    1.6986201533e+01    6.9807632464e+00    2.6662000000e+04    2.7369690100e-01    9.9723842164e-01
        76   -1.7261513958e+01    2.9817949148e+02   -3.0705284535e+01    1.3443770576e+01   -5.6641373645e+01    1.9741172089e+00    1.6981208656e+01    6.9807632464e+00    2.6545000000e+04    2.7351284533e-01    9.9738335390e-01
        77   -1.7256546581e+01    2.9799898878e+02   -3.0709253194e+01    1.3452706613e+01   -5.6480469486e+01    1.8463990592e+00    1.6944053987e+01    6.9807632464e+00    2.6474000000e+04    2.7247350217e-01    9.9748397952e-01
        78   -1.7253783383e+01    2.9792896893e+02   -3.0815660254e+01    1.3561876870e+01   -5.6548425706e+01    1.7700769468e+00    1.6981925260e+01    6.9807632464e+00    2.6459000000e+04    2.7079603250e-01    9.9742557493e-01
        79   -1.7253842517e+01    2.9792184769e+02   -3.0746094693e+01    1.3492252175e+01   -5.6645143137e+01    1.9106273916e+00    1.7007657806e+01    6.9807632464e+00    2.6454000000e+04    2.7353977950e-01    9.9740068739e-01
        80   -1.7268514304e+01    2.9843640531e+02   -3.0870997155e+01    1.3602482851e+01   -5.6771388191e+01    1.9152318137e+00    1.7004395976e+01    6.9807632464e+00    2.6509000000e+04    2.7330590700e-01    9.9723623998e-01
        81   -1.7262848236e+01    2.9823660179e+02   -3.0906301061e+01    1.3643452825e+01   -5.6818973419e+01    1.9034928783e+00    1.7028416233e+01    6.9807632464e+00    2.6562000000e+04    2.7453283200e-01    9.9736413164e-01
        82   -1.7262972480e+01    2.9822120982e+02   -3.0807092672e+01    1.3544120193e+01   -5.6661025628e+01    1.8416093188e+00    1.7031560390e+01    6.9807632464e+00    2.6553000000e+04    2.7449409833e-01    9.9734488661e-01
        83   -1.7260784504e+01    2.9818121612e+02   -3.0874684839e+01    1.3613900335e+01   -5.6787341534e+01    1.8850931775e+00    1.7046800271e+01    6.9807632464e+00    2.6570000000e+04    2.7625986583e-01    9.9737503245e-01
        84   -1.7271184567e+01    2.9854864698e+02   -3.0887011309e+01    1.3615826742e+01   -5.6742948908e+01    1.8408364210e+00    1.7034337932e+01    6.9807632464e+00    2.6499000000e+04    2.7422261733e-01    9.9744361947e-01
        85   -1.7264293789e+01    2.9826088478e+02   -3.0615951824e+01    1.3351658034e+01   -5.6521061565e+01    1.8777204894e+00    1.7046626005e+01    6.9807632464e+00    2.6525000000e+04    2.7300198667e-01    9.9743151360e-01
        86   -1.7265663462e+01    2.9832177910e+02   -3.0493001677e+01    1.3227338215e+01   -5.6322600823e+01    1.8301640585e+00    1.7018671841e+01    6.9807632464e+00    2.6614000000e+04    2.7459631133e-01    9.9739699143e-01
        87   -1.7273735449e+01    2.9860465776e+02   -3.0392745145e+01    1.3119009695e+01   -5.6181156310e+01    1.8104472659e+00    1.6997200653e+01    6.9807632464e+00    2.6663000000e+04    2.7823128533e-01    9.9743570433e-01
        88   -1.7275172367e+01    2.9867613751e+02   -3.0487329292e+01    1.3212156925e+01   -5.6199153337e+01    1.7320075433e+00    1.6999053255e+01    6.9807632464e+00    2.6659000000e+04    2.7800591400e-01    9.9758042924e-01
        89   -1.7263178075e+01    2.9822271197e+02   -3.0611589891e+01    1.3348411816e+01   -5.6341541303e+01    1.7672602009e+00    1.6981927964e+01    6.9807632464e+00    2.6722000000e+04    2.7726297950e-01    9.9761334916e-01
        90   -1.7258270572e+01    2.9806769747e+02   -3.0595573575e+01    1.3337303003e+01   -5.6404880282e+01    1.8692023295e+00    1.6959341131e+01    6.9807632464e+00    2.6758000000e+04    2.7580026167e-01    9.9750039702e-01
        91   -1.7262671703e+01    2.9823181043e+02   -3.0648397101e+01    1.3385725398e+01   -5.6414390575e+01    1.8549348846e+00    1.6930295343e+01    6.9807632464e+00    2.6789000000e+04    2.7338348533e-01    9.9726972995e-01
        92   -1.7264773394e+01    2.9832478441e+02   -3.0626450630e+01    1.3361677235e+01   -5.6430032900e+01    1.8597052080e+00    1.6963113816e+01    6.9807632464e+00    2.6834000000e+04    2.7536282950e-01    9.9738173622e-01
        93   -1.7261340622e+01    2.9816064105e+02   -3.0696549490e+01    1.3435208868e+01   -5.6524757157e+01    1.8794471623e+00    1.6967997258e+01    6.9807632464e+00    2.6845000000e+04    2.7761520083e-01    9.9750487207e-01
        94   -1.7256201592e+01    2.9798952021e+02   -3.0671531870e+01    1.3415330278e+01   -5.6522585518e+01    1.9312184333e+00    1.6939071968e+01    6.9807632464e+00    2.6846000000e+04    2.7839362467e-01    9.9752704353e-01
        95   -1.7262803142e+01    2.9824167860e+02   -3.0795896311e+01    1.3533093169e+01   -5.6611955643e+01    1.8823538684e+00    1.6952942217e+01    6.9807632464e+00    2.6838000000e+04    2.7696688933e-01    9.9744773049e-01
        96   -1.7258558705e+01    2.9807762857e+02   -3.0551368404e+01    1.3292809699e+01   -5.6411720561e+01    1.9234305232e+00    1.6956158387e+01    6.9807632464e+00    2.6826000000e+04    2.7659280183e-01    9.9771231517e-01
        97   -1.7258354434e+01    2.9805746183e+02   -3.0542633338e+01    1.3284278904e+01   -5.6341267128e+01    1.8606518150e+00    1.6957218729e+01    6.9807632464e+00    2.6830000000e+04    2.7662942300e-01    9.9734866963e-01
        98   -1.7255899879e+01    2.9800180445e+02   -3.0601328967e+01    1.3345429088e+01   -5.6523299124e+01    1.9660866579e+00    1.6975120253e+01    6.9807632464e+00    2.6911000000e+04    2.7846851533e-01    9.9746282220e-01
        99   -1.7253840239e+01    2.9790600301e+02   -3.0852023641e+01    1.3598183403e+01   -5.6768461860e+01    1.8896925398e+00    1.7045982432e+01    6.9807632464e+00    2.6940000000e+04    2.8109261583e-01    9.9763337488e-01
       100   -1.7248613683e+01    2.9773458296e+02   -3.0702414902e+01    1.3453801219e+01   -5.6689569534e+01    1.9547924284e+00    1.7051598957e+01    6.9807632464e+00    2.6977000000e+04    2.8004494283e-01    9.9747942464e-01
       101   -1.7260140916e+01    2.9814260084e+02   -3.0690405167e+01    1.3430264251e+01   -5.6703995374e+01    1.9863966827e+00    1.7046430278e+01    6.9807632464e+00    2.6961000000e+04    2.8006627800e-01    9.9724215583e-01
       102   -1.7259082590e+01    2.9811039387e+02   -3.0807858717e+01    1.3548776127e+01   -5.6845531309e+01    2.0148561448e+00    1.7042053200e+01    6.9807632464e+00    2.6914000000e+04    2.7884917033e-01    9.9741292599e-01
       103   -1.7257058438e+01    2.9805099015e+02   -3.0844018394e+01    1.3586959956e+01   -5.6704077069e+01    1.8552590505e+00    1.7024036378e+01    6.9807632464e+00    2.6898000000e+04    2.7791850100e-01    9.9739303456e-01
       104   -1.7265813641e+01    2.9833699628e+02   -3.0750809005e+01    1.3484995364e+01   -5.6598074936e+01    1.8460358719e+00    1.7020466814e+01    6.9807632464e+00    2.6860000000e+04    2.7733476217e-01    9.9750114150e-01
       105   -1.7264056317e+01    2.9828618527e+02   -3.0834904867e+01    1.3570848550e+01   -5.6631240639e+01    1.7974777379e+00    1.7018094788e+01    6.9807632464e+00    2.6885000000e+04    2.7672637817e-01    9.9738263124e-01
       106   -1.7254750214e+01    2.9795688422e+02   -3.0828060883e+01    1.3573310669e+01   -5.6791217568e+01    1.9355054639e+00    1.7046887975e+01    6.9807632464e+00    2.6819000000e+04    2.7808877183e-01    9.9732512764e-01
       107   -1.7252047028e+01    2.9786838487e+02   -3.0896523995e+01    1.3644476967e+01   -5.6781904859e+01    1.8798225503e+00    1.7024795067e+01    6.9807632464e+00    2.6779000000e+04    2.7663373317e-01    9.9739562975e-01
       108   -1.7251152024e+01    2.9783664053e+02   -3.0917970848e+01    1.3666818824e+01   -5.6884691939e+01    1.9546749062e+00    1.7031282938e+01    6.9807632464e+00    2.6772000000e+04    2.7665058433e-01    9.9747859586e-01
       109   -1.7269007707e+01    2.9846882543e+02   -3.0901451143e+01    1.3632443435e+01   -5.6771701876e+01    1.8582793276e+00    1.7031208159e+01    6.9807632464e+00    2.6756000000e+04    2.7813965167e-01    9.9727253005e-01
       110   -1.7266859021e+01    2.9836504884e+02   -3.0797683145e+01    1.3530824124e+01   -5.6735587834e+01    1.9184005063e+00    1.7038740937e+01    6.9807632464e+00    2.6730000000e+04    2.7777558900e-01    9.9734816393e-01
       111   -1.7258859099e+01    2.9808081613e+02   -3.0778201031e+01    1.3519341933e+01   -5.6590889235e+01    1.8196242476e+00    1.7012300710e+01    6.9807632464e+00    2.6755000000e+04    2.7826177017e-01    9.9759819766e-01
       112   -1.7260211108e+01    2.9816413213e+02   -3.0836536842e+01    1.3576325734e+01   -5.6696771773e+01    1.8673045962e+00    1.7012167089e+01    6.9807632464e+00    2.6745000000e+04    2.7493155700e-01    9.9731816777e-01
       113   -1.7265899981e+01    2.9840158460e+02   -3.0979628538e+01    1.3713728557e+01   -5.6796424929e+01    1.8109499772e+00    1.7025083167e+01    6.9807632464e+00    2.6679000000e+04    2.7654232217e-01    9.9739993267e-01
       114   -1.7261257357e+01    2.9819307892e+02   -3.0903089596e+01    1.3641832238e+01   -5.6841602275e+01    1.9244060387e+00    1.7033343395e+01    6.9807632464e+00    2.6679000000e+04    2.7861551850e-01    9.9744673722e-01
       115   -1.7257700523e+01    2.9805336420e+02   -3.0962881347e+01    1.3705180825e+01   -5.6918585389e+01    1.9753203114e+00    1.6999620484e+01    6.9807632464e+00    2.6654000000e+04    2.8066764900e-01    9.9746706571e-01
       116   -1.7264470609e+01    2.9828107043e+02   -3.1097922256e+01    1.3833451647e+01   -5.7027770570e+01    1.9491907752e+00    1.6999894292e+01    6.9807632464e+00    2.6729000000e+04    2.8005916517e-01    9.9740427453e-01
       117   -1.7264518391e+01    2.9826742705e+02   -3.0981539060e+01    1.3717020669e+01   -5.6914063918e+01    1.9477029985e+00    1.7004058613e+01    6.9807632464e+00    2.6760000000e+04    2.7909131800e-01    9.9753764353e-01
       118   -1.7274927100e+01    2.9865438833e+02   -3.0940355902e+01    1.3665428803e+01   -5.6840617812e+01    1.9201675312e+00    1.6999331132e+01    6.9807632464e+00    2.6748000000e+04    2.7791874167e-01    9.9732719112e-01
       119   -1.7274372656e+01    2.9869774574e+02   -3.0986755805e+01    1.3712383150e+01   -5.6732941428e+01    1.7848625001e+00    1.6980559876e+01    6.9807632464e+00    2.6803000000e+04    2.8127713867e-01    9.9722932890e-01
       120   -1.7263335280e+01    2.9824173617e+02   -3.0907678705e+01    1.3644343425e+01   -5.6720837824e+01    1.8303057130e+00    1.7002090159e+01    6.9807632464e+00    2.6728000000e+04    2.7641536083e-01    9.9755948030e-01
       121   -1.7259652265e+01    2.9815157803e+02   -3.0858620785e+01    1.3598968519e+01   -5.6773405153e+01    1.8964103784e+00    1.7037610744e+01    6.9807632464e+00    2.6691000000e+04    2.7540526767e-01    9.9710118460e-01
       122   -1.7261344253e+01    2.9819576895e+02   -3.1018338052e+01    1.3756993799e+01   -5.6939850567e+01    1.8485565437e+00    1.7092192725e+01    6.9807632464e+00    2.6675000000e+04    2.7684318650e-01    9.9741792991e-01
       123   -1.7258020029e+01    2.9806864979e+02   -3.0952068196e+01    1.3694048167e+01   -5.6923681188e+01    1.9186973115e+00    1.7072152433e+01    6.9807632464e+00    2.6632000000e+04    2.7672120417e-01    9.9733966431e-01
       124   -1.7254778141e+01    2.9795547230e+02   -3.1027938927e+01    1.3773160786e+01   -5.6950226047e+01    1.8531739965e+00    1.7088349877e+01    6.9807632464e+00    2.6562000000e+04    2.7814452267e-01    9.9748727502e-01
       125   -1.7241236538e+01    2.9750777307e+02   -3.1099814144e+01    1.3858577606e+01   -5.7001883838e+01    1.8384027949e+00    1.7082903653e+01    6.9807632464e+00    2.6523000000e+04    2.7779893683e-01    9.9725283962e-01
       126   -1.7244427545e+01    2.9761058567e+02   -3.1074259590e+01    1.3829832046e+01   -5.6947225400e+01    1.8046878638e+00    1.7087514699e+01    6.9807632464e+00    2.6499000000e+04    2.7639196033e-01    9.9741460685e-01
       127   -1.7249244445e+01    2.9776574471e+02   -3.0913105972e+01    1.3663861527e+01   -5.6846173568e+01    1.8735379668e+00    1.7078766383e+01    6.9807632464e+00    2.6582000000e+04    2.7787925083e-01    9.9738075916e-01
       128   -1.7258819824e+01    2.9807493740e+02   -3.0854447917e+01    1.3595628094e+01   -5.6767594427e+01    1.8537169175e+00    1.7078666346e+01    6.9807632464e+00    2.6521000000e+04    2.7993331200e-01    9.9730479297e-01
       129   -1.7271069778e+01    2.9851085319e+02   -3.0886570629e+01    1.3615500850e+01   -5.6795278205e+01    1.8546801622e+00    1.7073264168e+01    6.9807632464e+00    2.6528000000e+04    2.8328223033e-01    9.9730359639e-01
       130   -1.7277900909e+01    2.9879004364e+02   -3.0959077381e+01    1.3681176471e+01   -5.6926465620e+01    1.9508429826e+00    1.7035782010e+01    6.9807632464e+00    2.6608000000e+04    2.8029060733e-01    9.9743471227e-01
       131   -1.7269012162e+01    2.9849347321e+02   -3.1017533592e+01    1.3748521429e+01   -5.7101531818e+01    2.0327476482e+00    1.7070487332e+01    6.9807632464e+00    2.6631000000e+04    2.7720291650e-01    9.9739530787e-01
       132   -1.7273336704e+01    2.9859791978e+02   -3.1150476993e+01    1.3877140289e+01   -5.7163839601e+01    1.9795655095e+00    1.7053033852e+01    6.9807632464e+00    2.6682000000e+04    2.7695445033e-01    9.9748290737e-01
       133   -1.7267920024e+01    2.9840692070e+02   -3.0922276223e+01    1.3654356199e+01   -5.6923756588e+01    1.9409583753e+00    1.7079758744e+01    6.9807632464e+00    2.6686000000e+04    2.7598645700e-01    9.9731641428e-01
       134   -1.7251326096e+01    2.9787893865e+02   -3.1009148252e+01    1.3757822156e+01   -5.7014808433e+01    1.9423416092e+00    1.7082555326e+01    6.9807632464e+00    2.6725000000e+04    2.7628746033e-01    9.9745972617e-01
       135   -1.7253040920e+01    2.9790594623e+02   -3.0951910987e+01    1.3698870066e+01   -5.6813747782e+01    1.8254493759e+00    1.7055624172e+01    6.9807632464e+00    2.6747000000e+04    2.7624584017e-01    9.9719599182e-01
       136   -1.7250100489e+01    2.9779426738e+02   -3.0889639219e+01    1.3639538729e+01   -5.6788039745e+01    1.8593813435e+00    1.7058255936e+01    6.9807632464e+00    2.6713000000e+04    2.7583021500e-01    9.9746399150e-01
       137   -1.7255109180e+01    2.9796056699e+02   -3.0830131940e+01    1.3575022761e+01   -5.6725549427e+01    1.8690660612e+00    1.7045588179e+01    6.9807632464e+00    2.6695000000e+04    2.7628936617e-01    9.9728419285e-01
       138   -1.7251531344e+01    2.9785061156e+02   -3.0790684241e+01    1.3539152897e+01   -5.6751496341e+01    1.9429514287e+00    1.7037097425e+01    6.9807632464e+00    2.6648000000e+04    2.7640250017e-01    9.9732170495e-01
       139   -1.7255922854e+01    2.9799051922e+02   -3.0801045998e+01    1.3545123144e+01   -5.6794992520e+01    1.9671478789e+00    1.7046035396e+01    6.9807632464e+00    2.6689000000e+04    2.8249239600e-01    9.9743284773e-01
       140   -1.7262956795e+01    2.9831087261e+02   -3.0600277965e+01    1.3337321169e+01   -5.6548587800e+01    1.9334744651e+00    1.7034072123e+01    6.9807632464e+00    2.6688000000e+04    2.7689309200e-01    9.9739616267e-01
       141   -1.7259887595e+01    2.9811924410e+02   -3.0664318070e+01    1.3404430475e+01   -5.6651146061e+01    1.9685304639e+00    1.7037534281e+01    6.9807632464e+00    2.6650000000e+04    2.7796964550e-01    9.9770169677e-01
       142   -1.7272408016e+01    2.9856563334e+02   -3.0827057143e+01    1.3554649127e+01   -5.6685250423e+01    1.8335794779e+00    1.7043850555e+01    6.9807632464e+00    2.6652000000e+04    2.8155977667e-01    9.9746288841e-01
       143   -1.7258231679e+01    2.9807497925e+02   -3.0977090100e+01    1.3718858421e+01   -5.6738368517e+01    1.7295993835e+00    1.7050915787e+01    6.9807632464e+00    2.6692000000e+04    2.7877319200e-01    9.9742328315e-01
       144   -1.7264033737e+01    2.9825881522e+02   -3.1056471691e+01    1.3792437955e+01   -5.6862269629e+01    1.7734320125e+00    1.7051602679e+01    6.9807632464e+00    2.6747000000e+04    2.7859792433e-01    9.9734072389e-01
       145   -1.7258564933e+01    2.9809332038e+02   -3.1049371874e+01    1.3790806941e+01   -5.7019301100e+01    1.9277596627e+00    1.7061406317e+01    6.9807632464e+00    2.6751000000e+04    2.7618972600e-01    9.9754673082e-01
       146   -1.7264910592e+01    2.9835171143e+02   -3.0888346251e+01    1.3623435659e+01   -5.6833098652e+01    1.9392920478e+00    1.7024697107e+01    6.9807632464e+00    2.6776000000e+04    2.7645640583e-01    9.9753004162e-01
       147   -1.7266798875e+01    2.9837516801e+02   -3.0785810294e+01    1.3519011419e+01   -5.6575531775e+01    1.8260764371e+00    1.6982881797e+01    6.9807632464e+00    2.6808000000e+04    2.7700088800e-01    9.9741185145e-01
       148   -1.7264261715e+01    2.9831764071e+02   -3.0679074224e+01    1.3414812509e+01   -5.6454533217e+01    1.8264790137e+00    1.6968216733e+01    6.9807632464e+00    2.6853000000e+04    2.7657983700e-01    9.9729066044e-01
       149   -1.7254608110e+01    2.9795737585e+02   -3.0608339136e+01    1.3353731027e+01   -5.6473627822e+01    1.9448240506e+00    1.6939701389e+01    6.9807632464e+00    2.6834000000e+04    2.7850572917e-01    9.9724763545e-01
       150   -1.7256258870e+01    2.9799174779e+02   -3.0594231199e+01    1.3337972329e+01   -5.6514207353e+01    2.0029440377e+00    1.6936268870e+01    6.9807632464e+00    2.6777000000e+04    2.7448921133e-01    9.9751647755e-01
       151   -1.7256067652e+01    2.9800868393e+02   -3.0640706811e+01    1.3384639159e+01   -5.6395270464e+01    1.8457908330e+00    1.6928009574e+01    6.9807632464e+00    2.6792000000e+04    2.7305019883e-01    9.9751787007e-01
       152   -1.7248907479e+01    2.9774159746e+02   -3.0831973434e+01    1.3583065955e+01   -5.6546761868e+01    1.8187538806e+00    1.6915271307e+01    6.9807632464e+00    2.6785000000e+04    2.7317994350e-01    9.9734952467e-01
       153   -1.7267546367e+01    2.9837171700e+02   -3.0772329623e+01    1.3504783256e+01   -5.6503806938e+01    1.8557638320e+00    1.6894950237e+01    6.9807632464e+00    2.6714000000e+04    2.7476868133e-01    9.9737576075e-01
       154   -1.7256702382e+01    2.9801532659e+02   -3.0752782310e+01    1.3496079928e+01   -5.6600287251e+01    1.9386981841e+00    1.6928043511e+01    6.9807632464e+00    2.6710000000e+04    2.7493768533e-01    9.9735103499e-01
       155   -1.7262904899e+01    2.9824473345e+02   -3.0700591820e+01    1.3437686921e+01   -5.6418058102e+01    1.7839074917e+00    1.6952795543e+01    6.9807632464e+00    2.6787000000e+04    2.7516209050e-01    9.9749765617e-01
       156   -1.7263575562e+01    2.9828564953e+02   -3.0511094199e+01    1.3247518637e+01   -5.6355154167e+01    1.9385150185e+00    1.6924781703e+01    6.9807632464e+00    2.6816000000e+04    2.7593260900e-01    9.9754832796e-01
       157   -1.7260146294e+01    2.9815586543e+02   -3.0591677346e+01    1.3331531051e+01   -5.6378174286e+01    1.8693397547e+00    1.6936393939e+01    6.9807632464e+00    2.6825000000e+04    2.7562336567e-01    9.9747426503e-01
       158   -1.7253576936e+01    2.9789078642e+02   -3.0571237968e+01    1.3317661031e+01   -5.6418543925e+01    1.8971501273e+00    1.6969392584e+01    6.9807632464e+00    2.6796000000e+04    2.7535689017e-01    9.9761114761e-01
       159   -1.7261831790e+01    2.9820862680e+02   -3.0732445748e+01    1.3470613958e+01   -5.6626416367e+01    1.9267763549e+00    1.6986431017e+01    6.9807632464e+00    2.6851000000e+04    2.7922591233e-01    9.9739272087e-01
       160   -1.7264282776e+01    2.9831693658e+02   -3.0790343544e+01    1.3526060768e+01   -5.6735773155e+01    1.9497323848e+00    1.7014933980e+01    6.9807632464e+00    2.6859000000e+04    2.7678061900e-01    9.9745406260e-01
       161   -1.7272045775e+01    2.9857561148e+02   -3.0678881646e+01    1.3406835871e+01   -5.6554249907e+01    1.8836759053e+00    1.7010929110e+01    6.9807632464e+00    2.6851000000e+04    2.7637778833e-01    9.9745900843e-01
       162   -1.7267773107e+01    2.9840437835e+02   -3.0700051541e+01    1.3432278434e+01   -5.6511599516e+01    1.8254531920e+00    1.7005331537e+01    6.9807632464e+00    2.6845000000e+04    2.7924623583e-01    9.9728513973e-01
       163   -1.7276591028e+01    2.9873556465e+02   -3.0894555646e+01    1.3617964618e+01   -5.6767464557e+01    1.8996320679e+00    1.6992513597e+01    6.9807632464e+00    2.6785000000e+04    2.7900446283e-01    9.9767608866e-01
       164   -1.7272119035e+01    2.9854370096e+02   -3.0995220686e+01    1.3723101651e+01   -5.6981649419e+01    1.9694440291e+00    1.7036221458e+01    6.9807632464e+00    2.6803000000e+04    2.8262073183e-01    9.9744914275e-01
       165   -1.7259039870e+01    2.9819622883e+02   -3.0972365207e+01    1.3713325337e+01   -5.6944202515e+01    1.9178755413e+00    1.7073198520e+01    6.9807632464e+00    2.6800000000e+04    2.8023136333e-01    9.9749557359e-01
       166   -1.7268653954e+01    2.9843555523e+02   -3.0922911876e+01    1.3654257922e+01   -5.6862827968e+01    1.9123896682e+00    1.7046763177e+01    6.9807632464e+00    2.6817000000e+04    2.7749503817e-01    9.9751088298e-01
       167   -1.7266935933e+01    2.9836714795e+02   -3.0768505232e+01    1.3501569299e+01   -5.6731475397e+01    1.9413817453e+00    1.7040825173e+01    6.9807632464e+00    2.6797000000e+04    2.7853459000e-01    9.9736371936e-01
       168   -1.7262487922e+01    2.9820437662e+02   -3.0823648949e+01    1.3561161027e+01   -5.6885514257e+01    2.0400963836e+00    1.7041005678e+01    6.9807632464e+00    2.6883000000e+04    2.8195591517e-01    9.9736341005e-01
       169   -1.7253320239e+01    2.9793016103e+02   -3.0787718690e+01    1.3534398451e+01   -5.6772778176e+01    1.9461534339e+00    1.7058142806e+01    6.9807632464e+00    2.6870000000e+04    2.8253057933e-01    9.9746503185e-01
       170   -1.7255414680e+01    2.9796214238e+02   -3.0808020419e+01    1.3552605739e+01   -5.6843227868e+01    1.9914531050e+00    1.7062991097e+01    6.9807632464e+00    2.6850000000e+04    2.7932422117e-01    9.9749976955e-01
       171   -1.7251807825e+01    2.9783562001e+02   -3.0827033856e+01    1.3575226030e+01   -5.6769941119e+01    1.9032178007e+00    1.7058926217e+01    6.9807632464e+00    2.6916000000e+04    2.8063986550e-01    9.9752394569e-01
       172   -1.7264435030e+01    2.9830135027e+02   -3.0776384640e+01    1.3511949610e+01   -5.6786910982e+01    1.9637117805e+00    1.7066051315e+01    6.9807632464e+00    2.6898000000e+04    2.8410400183e-01    9.9746290414e-01
       173   -1.7261366164e+01    2.9819981436e+02   -3.0825206598e+01    1.3563840433e+01   -5.6826411233e+01    1.9534982287e+00    1.7066943161e+01    6.9807632464e+00    2.6888000000e+04    2.8342115267e-01    9.9743423608e-01
       174   -1.7262140418e+01    2.9821819081e+02   -3.0941612757e+01    1.3679472339e+01   -5.7043609986e+01    2.0321353413e+00    1.7089098641e+01    6.9807632464e+00    2.6960000000e+04    2.8239357850e-01    9.9749945932e-01
       175   -1.7264973095e+01    2.9834830164e+02   -3.1034316984e+01    1.3769343889e+01   -5.6958324549e+01    1.8067560449e+00    1.7136488274e+01    6.9807632464e+00    2.6961000000e+04    2.8275854033e-01    9.9721018431e-01
       176   -1.7254836826e+01    2.9801133960e+02   -3.1063513483e+01    1.3808676657e+01   -5.7016228459e+01    1.8675819873e+00    1.7104369741e+01    6.9807632464e+00    2.6827000000e+04    2.7915615133e-01    9.9747525470e-01
       177   -1.7260385423e+01    2.9817774593e+02   -3.1014825224e+01    1.3754439800e+01   -5.7043047863e+01    1.9199522790e+00    1.7127507114e+01    6.9807632464e+00    2.6851000000e+04    2.7777458800e-01    9.9740660053e-01
       178   -1.7262937974e+01    2.9825572949e+02   -3.1045902245e+01    1.3782964271e+01   -5.7059075548e+01    1.8595607585e+00    1.7172849297e+01    6.9807632464e+00    2.6928000000e+04    2.7887525950e-01    9.9743685978e-01
       179   -1.7268809894e+01    2.9846154562e+02   -3.1106810875e+01    1.3838000981e+01   -5.7138265836e+01    1.9102688380e+00    1.7140422876e+01    6.9807632464e+00    2.6958000000e+04    2.8140896117e-01    9.9733836718e-01
       180   -1.7265825709e+01    2.9852909225e+02   -3.0989524224e+01    1.3723698515e+01   -5.7092203866e+01    1.9894002461e+00    1.7132516150e+01    6.9807632464e+00    2.6948000000e+04    2.7969949800e-01    9.9756050527e-01
       181   -1.7257388548e+01    2.9805895996e+02   -3.1051670332e+01    1.3794281784e+01   -5.7119824361e+01    1.9720852600e+00    1.7115305522e+01    6.9807632464e+00    2.6936000000e+04    2.8014106633e-01    9.9723369791e-01
       182   -1.7259996192e+01    2.9814527471e+02   -3.0961330733e+01    1.3701334542e+01   -5.6967056821e+01    1.9157098331e+00    1.7109253008e+01    6.9807632464e+00    2.6994000000e+04    2.8193035317e-01    9.9728591110e-01
       183   -1.7264720562e+01    2.9830369914e+02   -3.1063449113e+01    1.3798728550e+01   -5.7065567256e+01    1.8877124895e+00    1.7133642408e+01    6.9807632464e+00    2.7012000000e+04    2.8156842650e-01    9.9726960061e-01
       184   -1.7261087713e+01    2.9818816981e+02   -3.0967729825e+01    1.3706642112e+01   -5.7066708443e+01    2.0035217122e+00    1.7114693659e+01    6.9807632464e+00    2.7008000000e+04    2.8343051967e-01    9.9735762441e-01
       185   -1.7259762231e+01    2.9817051899e+02   -3.0769924091e+01    1.3510161860e+01   -5.6832163371e+01    1.9806591149e+00    1.7100816918e+01    6.9807632464e+00    2.7052000000e+04    2.8340434833e-01    9.9730951052e-01
       186   -1.7259580689e+01    2.9810090654e+02   -3.0868395165e+01    1.3608814476e+01   -5.6920353926e+01    1.9856788872e+00    1.7085516628e+01    6.9807632464e+00    2.7102000000e+04    2.8153251417e-01    9.9733386657e-01
       187   -1.7260325359e+01    2.9812833712e+02   -3.1023363073e+01    1.3763037714e+01   -5.7074777707e+01    2.0160905491e+00    1.7054560838e+01    6.9807632464e+00    2.7044000000e+04    2.8002806583e-01    9.9733423839e-01
       188   -1.7261639693e+01    2.9819297062e+02   -3.1069311965e+01    1.3807672272e+01   -5.7219208196e+01    2.0624289523e+00    1.7106704033e+01    6.9807632464e+00    2.6933000000e+04    2.8138346117e-01    9.9755546532e-01
       189   -1.7258344836e+01    2.9817156912e+02   -3.0983248565e+01    1.3724903730e+01   -5.7045095018e+01    1.9683813586e+00    1.7112701848e+01    6.9807632464e+00    2.6858000000e+04    2.8350963833e-01    9.9735168085e-01
       190   -1.7255728849e+01    2.9799886148e+02   -3.0784871337e+01    1.3529142488e+01   -5.6826388171e+01    1.9873368299e+00    1.7073416757e+01    6.9807632464e+00    2.6935000000e+04    2.7926074867e-01    9.9745613171e-01
       191   -1.7260842202e+01    2.9815004053e+02   -3.0684050090e+01    1.3423207889e+01   -5.6493696190e+01    1.7714438818e+00    1.7057438971e+01    6.9807632464e+00    2.6991000000e+04    2.7924249667e-01    9.9733161877e-01
       192   -1.7264637829e+01    2.9832831246e+02   -3.0748264435e+01    1.3483626606e+01   -5.6575258432e+01    1.7635622907e+00    1.7082668460e+01    6.9807632464e+00    2.6979000000e+04    2.7917197283e-01    9.9742404216e-01
       193   -1.7265031401e+01    2.9832797175e+02   -3.0832501868e+01    1.3567470467e+01   -5.6763353437e+01    1.8319249397e+00    1.7118163384e+01    6.9807632464e+00    2.7031000000e+04    2.7990628000e-01    9.9735421848e-01
       194   -1.7258517274e+01    2.9808601460e+02   -3.0858547879e+01    1.3600030605e+01   -5.6659172019e+01    1.7237999804e+00    1.7096060912e+01    6.9807632464e+00    2.7066000000e+04    2.8068458667e-01    9.9763066501e-01
       195   -1.7251650864e+01    2.9784041934e+02   -3.0878672474e+01    1.3627021610e+01   -5.6605576682e+01    1.6550106071e+00    1.7091130354e+01    6.9807632464e+00    2.7063000000e+04    2.8028495950e-01    9.9740452264e-01
       196   -1.7254625797e+01    2.9796690057e+02   -3.1013002631e+01    1.3758376834e+01   -5.6816422762e+01    1.7619599006e+00    1.7060696984e+01    6.9807632464e+00    2.7057000000e+04    2.8173396317e-01    9.9742254123e-01
       197   -1.7266379900e+01    2.9835940365e+02   -3.1017692642e+01    1.3751312742e+01   -5.6877247806e+01    1.8152991098e+00    1.7063492808e+01    6.9807632464e+00    2.6993000000e+04    2.7927267750e-01    9.9739307556e-01
       198   -1.7266432962e+01    2.9835308038e+02   -3.0875795973e+01    1.3609363011e+01   -5.6710728550e+01    1.8355082405e+00    1.7018661090e+01    6.9807632464e+00    2.7004000000e+04    2.7942441050e-01    9.9736612041e-01
       199   -1.7248478184e+01    2.9791550588e+02   -3.0894673914e+01    1.3646195729e+01   -5.6838584559e+01    1.9471449029e+00    1.7016002496e+01    6.9807632464e+00    2.6990000000e+04    2.8173619683e-01    9.9746169356e-01
